SE2
-0.9 -0.9 0 
-0.835257 -0.89242 -0.07602 
-0.770513 -0.884841 -0.15204 
-0.70577 -0.877261 -0.22806 
-0.641027 -0.869681 -0.30408 
-0.576283 -0.862102 -0.3801 
-0.51154 -0.854522 -0.45612 
-0.446797 -0.846942 -0.53214 
-0.382054 -0.839363 -0.60816 
-0.31731 -0.831783 -0.68418 
-0.252567 -0.824203 -0.7602 
-0.171638 -0.814729 -0.855225 
-0.0907086 -0.805254 -0.95025 
-0.00977949 -0.795779 -1.04527 
0.0711497 -0.786305 -1.1403 
0.135893 -0.778725 -1.21632 
0.200636 -0.771145 -1.29234 
0.26538 -0.763566 -1.36836 
0.330123 -0.755986 -1.44438 
0.394866 -0.748406 -1.5204 
0.467569 -0.72334 -1.58375 
0.540272 -0.698274 -1.6471 
0.612974 -0.673207 -1.71045 
0.685677 -0.648141 -1.7738 
0.75838 -0.623074 -1.83715 
0.831083 -0.598008 -1.9005 
0.913735 -0.551083 -1.94801 
0.996387 -0.504158 -1.99552 
1.07904 -0.457234 -2.04304 
1.16169 -0.410309 -2.09055 
1.22139 -0.279158 -1.99552 
1.28108 -0.148008 -1.9005 
1.27133 -0.068445 -1.78172 
1.26157 0.011118 -1.66294 
1.25507 0.06416 -1.58375 
1.24857 0.117202 -1.50456 
1.24206 0.170244 -1.42537 
1.21796 0.229503 -1.31451 
1.19385 0.288762 -1.20365 
1.16975 0.34802 -1.09279 
1.14564 0.407279 -0.981925 
1.12154 0.466538 -0.871062 
1.09743 0.525797 -0.7602 
1.07275 0.572572 -0.665175 
1.04807 0.619348 -0.57015 
1.0234 0.666123 -0.475125 
0.998717 0.712898 -0.3801 
0.965811 0.775266 -0.2534 
0.932906 0.837633 -0.1267 
0.9 0.9 0 

